1 4
2 1
3 1
4 1
5 1
6 4
7 4
8 4
9 4
10 4
11 2
12 2
13 0
14 1
15 2
16 2
17 2
18 4
19 4
20 2
21 0
22 2
23 4
24 2
25 1
26 2
27 2
28 0
29 2
30 2
31 4
32 2
33 4
34 2
35 2
36 2
37 1
38 4
39 4
40 4
41 2
42 2
43 2
44 2
45 2
46 2
47 2
48 2
49 4
50 0
51 2
52 4
53 1
54 4
55 4
56 4
57 4
58 4
59 3
60 4
61 4
62 2
63 2
64 2
65 4
66 2
67 2
68 2
69 2
70 2
71 2
72 2
73 2
74 2
75 2
76 4
77 0
78 0
79 2
80 4
81 4
82 4
83 2
84 0
85 4
86 2
87 0
88 2
89 2
90 1
91 2
92 4
93 4
94 2
95 2
96 2
97 2
98 2
99 4
100 4
101 4
102 2
103 2
104 2
105 0
106 4
107 2
108 1
109 2
110 2
111 0
112 2
113 2
114 2
115 4
116 4
117 2
118 2
119 0
120 0
121 2
122 0
123 0
124 0
125 0
126 0
127 0
128 0
129 0
130 0
131 2
132 0
133 0
134 2
135 2
136 2
137 2
138 4
139 2
140 2
141 2
142 0
143 0
144 0
145 0
146 2
147 4
148 4
149 4
150 4
151 1
152 4
153 4
154 2
155 1
156 1
157 4
158 2
159 2
160 4
161 4
162 4
163 1
164 4
165 3
166 1
167 1
168 3
169 1
170 3
171 4
172 1
173 2
174 2
175 4
176 1
177 0
178 4
179 4
180 4
181 2
182 2
183 0
184 0
185 1
186 3
187 3
188 3
189 2
190 0
191 2
192 2
193 4
194 2
195 2
196 0
197 0
198 0
199 2
200 0
201 1
202 5
203 4
204 0
205 2
206 2
207 0
208 0
209 0
210 0
211 0
212 0
213 0
214 2
215 0
216 0
217 2
218 4
219 3
220 1
221 2
222 2
223 4
224 1
225 4
226 2
227 3
228 1
229 3
230 1
231 4
232 2
233 1
234 3
235 1
236 3
237 1
238 4
239 2
240 4
241 1
242 4
243 4
244 4
245 4
246 4
247 2
248 4
249 4
250 0
251 2
252 0
253 2
254 2
255 4
256 4
257 2
258 2
259 2
260 2
261 4
262 3
263 3
264 4
265 2
266 2
267 4
268 3
269 3
270 1
271 4
272 2
273 3
274 3
275 3
276 0
277 0
278 2
279 1
280 2
281 0
282 2
283 0
284 4
285 0
286 0
287 0
288 2
289 0
290 4
291 4
292 0
293 2
294 0
295 4
296 4
297 4
298 2
299 2
300 2
301 1
302 4
303 4
304 4
305 4
306 2
307 2
308 2
309 4
310 4
311 1
312 4
313 3
314 4
315 4
316 1
317 4
318 3
319 1
320 0
321 0
322 2
323 2
324 2
325 2
326 4
327 2
328 1
329 4
330 1
331 4
332 4
333 1
334 4
335 1
336 4
337 4
338 1
339 2
340 4
341 4
342 4
343 2
344 4
345 1
346 1
347 3
348 3
349 4
350 2
351 1
352 4
353 2
354 2
355 2
356 4
357 2
358 2
359 4
360 2
361 2
362 1
363 2
364 4
365 4
366 4
367 1
368 2
369 2
370 4
371 1
372 4
373 4
374 4
375 4
376 0
377 2
378 4
379 2
380 1
381 1
382 0
383 0
384 2
385 0
386 0
387 2
388 4
389 4
390 4
391 2
392 0
393 4
394 2
395 2
396 2
397 0
398 4
399 4
400 2
401 1
402 1
403 2
404 2
405 2
406 4
407 2
408 1
409 2
410 4
411 2
412 2
413 1
414 2
415 4
416 1
417 4
418 4
419 2
420 2
421 2
422 2
423 4
424 4
425 0
426 2
427 2
428 1
429 2
430 4
431 4
432 4
433 4
434 2
435 4
436 4
437 2
438 2
439 2
440 2
441 4
442 2
443 4
444 2
445 2
446 4
447 1
448 2
449 1
450 1
451 4
452 4
453 4
454 4
455 4
456 4
457 4
458 2
459 2
460 2
461 2
462 2
463 1
464 4
465 1
466 4
467 4
468 4
469 4
470 4
471 4
472 2
473 2
474 4
475 4
476 1
477 1
478 2
479 2
480 2
481 2
482 2
483 1
484 4
485 2
486 4
487 2
488 2
489 0
490 1
491 1
492 4
493 2
494 1
495 1
496 2
497 4
498 4
499 4
500 4
501 4
502 1
503 1
504 1
505 4
506 2
507 2
508 2
509 2
510 2
511 4
512 0
513 2
514 0
515 2
516 2
517 2
518 2
519 2
520 2
521 2
522 2
523 0
524 2
525 2
526 4
527 2
