1 5
2 3
3 3
4 3
5 3
6 5
7 5
8 5
9 5
10 5
11 0
12 2
13 2
14 3
15 0
16 0
17 0
18 5
19 5
20 0
21 2
22 0
23 5
24 0
25 3
26 0
27 0
28 2
29 0
30 0
31 5
32 0
33 5
34 0
35 0
36 0
37 3
38 5
39 5
40 5
41 0
42 0
43 0
44 0
45 0
46 0
47 0
48 0
49 5
50 2
51 0
52 5
53 3
54 5
55 5
56 5
57 5
58 5
59 1
60 5
61 5
62 0
63 0
64 0
65 5
66 0
67 0
68 0
69 0
70 0
71 0
72 0
73 0
74 0
75 0
76 5
77 2
78 2
79 0
80 5
81 5
82 5
83 2
84 2
85 5
86 0
87 2
88 0
89 0
90 3
91 0
92 5
93 5
94 0
95 0
96 0
97 0
98 0
99 5
100 5
101 5
102 0
103 0
104 0
105 2
106 5
107 0
108 3
109 2
110 0
111 2
112 0
113 0
114 0
115 5
116 5
117 0
118 0
119 2
120 2
121 0
122 2
123 2
124 2
125 2
126 2
127 2
128 2
129 2
130 2
131 0
132 2
133 2
134 0
135 0
136 0
137 0
138 5
139 0
140 0
141 0
142 2
143 2
144 2
145 2
146 0
147 5
148 5
149 5
150 0
151 3
152 5
153 5
154 0
155 3
156 3
157 5
158 0
159 0
160 5
161 5
162 5
163 3
164 5
165 1
166 3
167 3
168 1
169 3
170 1
171 5
172 3
173 0
174 0
175 5
176 3
177 2
178 5
179 5
180 5
181 0
182 0
183 2
184 2
185 3
186 1
187 1
188 1
189 0
190 2
191 0
192 0
193 5
194 0
195 0
196 2
197 2
198 2
199 0
200 2
201 3
202 4
203 5
204 2
205 0
206 0
207 2
208 2
209 2
210 2
211 2
212 2
213 2
214 0
215 2
216 2
217 0
218 5
219 1
220 3
221 0
222 0
223 5
224 3
225 5
226 0
227 1
228 3
229 1
230 3
231 5
232 0
233 3
234 1
235 3
236 1
237 3
238 5
239 0
240 5
241 3
242 5
243 5
244 5
245 5
246 5
247 0
248 5
249 5
250 2
251 0
252 2
253 0
254 0
255 5
256 5
257 0
258 0
259 0
260 0
261 5
262 1
263 1
264 5
265 0
266 0
267 5
268 1
269 1
270 3
271 5
272 0
273 1
274 1
275 1
276 2
277 2
278 0
279 3
280 0
281 2
282 0
283 2
284 5
285 2
286 2
287 2
288 0
289 2
290 5
291 5
292 2
293 0
294 2
295 5
296 5
297 5
298 0
299 0
300 0
301 3
302 5
303 5
304 5
305 5
306 0
307 0
308 0
309 5
310 5
311 3
312 5
313 1
314 5
315 5
316 3
317 5
318 1
319 3
320 2
321 2
322 2
323 0
324 0
325 2
326 5
327 0
328 3
329 5
330 3
331 5
332 5
333 3
334 5
335 3
336 5
337 5
338 3
339 0
340 5
341 5
342 5
343 0
344 5
345 3
346 3
347 1
348 1
349 5
350 0
351 3
352 5
353 0
354 2
355 0
356 5
357 0
358 0
359 5
360 0
361 0
362 3
363 0
364 5
365 0
366 5
367 3
368 0
369 0
370 5
371 3
372 5
373 5
374 5
375 5
376 2
377 0
378 5
379 0
380 3
381 3
382 2
383 2
384 0
385 2
386 2
387 0
388 5
389 5
390 5
391 0
392 2
393 5
394 0
395 0
396 0
397 2
398 5
399 5
400 0
401 3
402 3
403 0
404 0
405 0
406 5
407 0
408 3
409 0
410 5
411 0
412 0
413 3
414 0
415 5
416 3
417 5
418 5
419 0
420 0
421 0
422 0
423 0
424 0
425 2
426 0
427 0
428 3
429 0
430 5
431 5
432 5
433 5
434 0
435 5
436 5
437 0
438 0
439 0
440 0
441 5
442 0
443 5
444 0
445 0
446 5
447 3
448 0
449 3
450 3
451 5
452 5
453 5
454 5
455 5
456 5
457 5
458 0
459 0
460 0
461 0
462 0
463 3
464 5
465 3
466 5
467 5
468 5
469 5
470 5
471 5
472 0
473 0
474 5
475 5
476 3
477 3
478 0
479 0
480 0
481 0
482 0
483 3
484 5
485 0
486 5
487 0
488 0
489 2
490 3
491 3
492 5
493 0
494 3
495 3
496 0
497 5
498 5
499 5
500 5
501 5
502 3
503 3
504 3
505 5
506 0
507 0
508 0
509 0
510 0
511 5
512 2
513 0
514 2
515 0
516 0
517 0
518 0
519 0
520 0
521 0
522 0
523 2
524 2
525 0
526 5
527 0
